Id,subject_1,subject_2,subject_3,subject_4,subject_5,subject_6,subject_7,subject_8
0,0.029999999999999999,0.070000000000000007,0.050000000000000003,0.000000000000000000,0.714999999999999969,0.065000000000000002,0.050000000000000003,0.020000000000000000
1,0.000000000000000000,0.055000000000000000,0.000000000000000000,0.029999999999999999,0.000000000000000000,0.000000000000000000,0.574999999999999956,0.340000000000000024
2,0.010000000000000000,0.619999999999999996,0.000000000000000000,0.014999999999999999,0.000000000000000000,0.020000000000000000,0.000000000000000000,0.335000000000000020
3,0.050000000000000003,0.900000000000000022,0.000000000000000000,0.010000000000000000,0.000000000000000000,0.000000000000000000,0.000000000000000000,0.040000000000000001
4,0.044999999999999998,0.349999999999999978,0.025000000000000001,0.174999999999999989,0.000000000000000000,0.010000000000000000,0.070000000000000007,0.325000000000000011
5,0.000000000000000000,0.000000000000000000,0.618090452261306544,0.000000000000000000,0.150753768844221092,0.000000000000000000,0.231155778894472363,0.000000000000000000
6,0.000000000000000000,0.000000000000000000,0.000000000000000000,0.000000000000000000,1.000000000000000000,0.000000000000000000,0.000000000000000000,0.000000000000000000
7,0.000000000000000000,0.000000000000000000,1.000000000000000000,0.000000000000000000,0.000000000000000000,0.000000000000000000,0.000000000000000000,0.000000000000000000
8,0.154999999999999999,0.275000000000000022,0.044999999999999998,0.000000000000000000,0.170000000000000012,0.074999999999999997,0.000000000000000000,0.280000000000000027
9,0.000000000000000000,0.500000000000000000,0.000000000000000000,0.005000000000000000,0.000000000000000000,0.000000000000000000,0.000000000000000000,0.494999999999999996
10,0.000000000000000000,0.000000000000000000,0.000000000000000000,0.000000000000000000,0.000000000000000000,0.000000000000000000,1.000000000000000000,0.000000000000000000
11,0.005050505050505051,0.323232323232323260,0.000000000000000000,0.257575757575757569,0.000000000000000000,0.000000000000000000,0.030303030303030304,0.383838383838383812
12,0.000000000000000000,1.000000000000000000,0.000000000000000000,0.000000000000000000,0.000000000000000000,0.000000000000000000,0.000000000000000000,0.000000000000000000
13,0.000000000000000000,0.000000000000000000,0.000000000000000000,0.000000000000000000,0.000000000000000000,0.000000000000000000,1.000000000000000000,0.000000000000000000
14,0.000000000000000000,0.000000000000000000,0.000000000000000000,0.000000000000000000,0.000000000000000000,0.000000000000000000,0.000000000000000000,1.000000000000000000
15,0.000000000000000000,0.994999999999999996,0.000000000000000000,0.000000000000000000,0.000000000000000000,0.000000000000000000,0.000000000000000000,0.005000000000000000
16,0.000000000000000000,0.000000000000000000,0.000000000000000000,0.000000000000000000,0.000000000000000000,0.000000000000000000,0.000000000000000000,1.000000000000000000
17,0.000000000000000000,0.000000000000000000,0.304999999999999993,0.154999999999999999,0.005000000000000000,0.200000000000000011,0.089999999999999997,0.244999999999999996
18,0.000000000000000000,0.120603015075376879,0.000000000000000000,0.000000000000000000,0.000000000000000000,0.095477386934673364,0.000000000000000000,0.783919597989949701
19,0.005025125628140704,0.020100502512562814,0.185929648241206030,0.115577889447236182,0.000000000000000000,0.080402010050251257,0.140703517587939697,0.452261306532663332
20,0.045226130653266333,0.422110552763819091,0.090452261306532666,0.000000000000000000,0.155778894472361817,0.060301507537688440,0.000000000000000000,0.226130653266331666
21,0.014999999999999999,0.149999999999999994,0.095000000000000001,0.000000000000000000,0.074999999999999997,0.149999999999999994,0.000000000000000000,0.515000000000000013
22,0.036649214659685861,0.303664921465968574,0.115183246073298426,0.000000000000000000,0.204188481675392663,0.041884816753926704,0.000000000000000000,0.298429319371727730
23,0.000000000000000000,0.000000000000000000,0.000000000000000000,0.000000000000000000,0.000000000000000000,0.000000000000000000,1.000000000000000000,0.000000000000000000
24,0.000000000000000000,0.304999999999999993,0.149999999999999994,0.085000000000000006,0.059999999999999998,0.100000000000000006,0.160000000000000003,0.140000000000000013
25,0.000000000000000000,0.000000000000000000,1.000000000000000000,0.000000000000000000,0.000000000000000000,0.000000000000000000,0.000000000000000000,0.000000000000000000
26,0.000000000000000000,0.000000000000000000,0.395000000000000018,0.000000000000000000,0.465000000000000024,0.000000000000000000,0.140000000000000013,0.000000000000000000
27,0.180904522613065333,0.231155778894472363,0.035175879396984924,0.075376884422110546,0.110552763819095484,0.120603015075376879,0.010050251256281407,0.236180904522613061
28,0.131979695431472088,0.461928934010152281,0.081218274111675121,0.055837563451776651,0.081218274111675121,0.091370558375634514,0.055837563451776651,0.040609137055837560
29,0.089999999999999997,0.000000000000000000,0.000000000000000000,0.000000000000000000,0.790000000000000036,0.000000000000000000,0.095000000000000001,0.025000000000000001
30,0.080402010050251257,0.391959798994974851,0.030150753768844220,0.000000000000000000,0.201005025125628151,0.090452261306532666,0.000000000000000000,0.206030150753768848
31,0.214999999999999997,0.014999999999999999,0.005000000000000000,0.000000000000000000,0.719999999999999973,0.040000000000000001,0.000000000000000000,0.005000000000000000
32,0.000000000000000000,0.000000000000000000,0.000000000000000000,0.000000000000000000,0.000000000000000000,0.000000000000000000,1.000000000000000000,0.000000000000000000
33,0.045226130653266333,0.115577889447236182,0.105527638190954773,0.005025125628140704,0.286432160804020119,0.341708542713567820,0.040201005025125629,0.060301507537688440
34,0.000000000000000000,0.000000000000000000,0.035000000000000003,0.025000000000000001,0.044999999999999998,0.035000000000000003,0.805000000000000049,0.055000000000000000
35,0.044999999999999998,0.040000000000000001,0.025000000000000001,0.000000000000000000,0.650000000000000022,0.149999999999999994,0.080000000000000002,0.010000000000000000
36,0.005000000000000000,0.140000000000000013,0.044999999999999998,0.165000000000000008,0.029999999999999999,0.000000000000000000,0.414999999999999980,0.200000000000000011
37,0.000000000000000000,0.000000000000000000,0.000000000000000000,0.000000000000000000,0.000000000000000000,0.014999999999999999,0.040000000000000001,0.944999999999999951
38,0.035897435897435895,0.030769230769230771,0.184615384615384626,0.179487179487179488,0.082051282051282051,0.241025641025641030,0.210256410256410259,0.035897435897435895
39,0.000000000000000000,0.000000000000000000,0.000000000000000000,0.000000000000000000,0.000000000000000000,0.000000000000000000,0.000000000000000000,1.000000000000000000
40,0.089999999999999997,0.000000000000000000,0.000000000000000000,0.130000000000000004,0.000000000000000000,0.000000000000000000,0.040000000000000001,0.739999999999999991
41,0.010050251256281407,0.000000000000000000,0.000000000000000000,0.000000000000000000,0.000000000000000000,0.005025125628140704,0.000000000000000000,0.984924623115577935
42,0.000000000000000000,0.000000000000000000,0.000000000000000000,0.000000000000000000,0.000000000000000000,0.000000000000000000,0.000000000000000000,1.000000000000000000
43,0.005000000000000000,0.885000000000000009,0.000000000000000000,0.010000000000000000,0.000000000000000000,0.029999999999999999,0.059999999999999998,0.010000000000000000
44,0.000000000000000000,0.000000000000000000,0.063157894736842107,0.000000000000000000,0.000000000000000000,0.000000000000000000,0.021052631578947368,0.915789473684210487
45,0.055276381909547742,0.000000000000000000,0.000000000000000000,0.185929648241206030,0.000000000000000000,0.000000000000000000,0.306532663316582910,0.452261306532663332
46,0.000000000000000000,0.000000000000000000,1.000000000000000000,0.000000000000000000,0.000000000000000000,0.000000000000000000,0.000000000000000000,0.000000000000000000
47,0.000000000000000000,0.616161616161616132,0.000000000000000000,0.146464646464646464,0.000000000000000000,0.000000000000000000,0.030303030303030304,0.207070707070707072
48,0.104999999999999996,0.880000000000000004,0.000000000000000000,0.000000000000000000,0.000000000000000000,0.005000000000000000,0.000000000000000000,0.010000000000000000
49,0.197969543147208132,0.203045685279187815,0.020304568527918780,0.055837563451776651,0.101522842639593908,0.213197969543147209,0.015228426395939087,0.192893401015228422
50,0.000000000000000000,0.000000000000000000,0.010000000000000000,0.000000000000000000,0.989999999999999991,0.000000000000000000,0.000000000000000000,0.000000000000000000
51,0.020000000000000000,0.755000000000000004,0.000000000000000000,0.035000000000000003,0.020000000000000000,0.000000000000000000,0.140000000000000013,0.029999999999999999
52,0.000000000000000000,0.900000000000000022,0.000000000000000000,0.000000000000000000,0.000000000000000000,0.000000000000000000,0.005000000000000000,0.095000000000000001
53,0.087912087912087919,0.631868131868131844,0.038461538461538464,0.000000000000000000,0.010989010989010990,0.027472527472527472,0.000000000000000000,0.203296703296703296
54,0.025000000000000001,0.080000000000000002,0.000000000000000000,0.000000000000000000,0.354999999999999982,0.000000000000000000,0.005000000000000000,0.535000000000000031
55,0.000000000000000000,0.000000000000000000,1.000000000000000000,0.000000000000000000,0.000000000000000000,0.000000000000000000,0.000000000000000000,0.000000000000000000
56,0.010000000000000000,0.080000000000000002,0.040000000000000001,0.200000000000000011,0.005000000000000000,0.000000000000000000,0.505000000000000004,0.160000000000000003
57,0.177664974619289345,0.380710659898477133,0.055837563451776651,0.025380710659898477,0.111675126903553301,0.076142131979695438,0.000000000000000000,0.172588832487309635
58,0.070000000000000007,0.040000000000000001,0.220000000000000001,0.035000000000000003,0.025000000000000001,0.184999999999999998,0.010000000000000000,0.414999999999999980
59,0.044999999999999998,0.000000000000000000,0.000000000000000000,0.170000000000000012,0.220000000000000001,0.025000000000000001,0.375000000000000000,0.165000000000000008
60,0.014999999999999999,0.619999999999999996,0.000000000000000000,0.044999999999999998,0.000000000000000000,0.000000000000000000,0.020000000000000000,0.299999999999999989
61,0.225000000000000006,0.685000000000000053,0.000000000000000000,0.000000000000000000,0.000000000000000000,0.000000000000000000,0.000000000000000000,0.089999999999999997
62,0.085000000000000006,0.564999999999999947,0.000000000000000000,0.040000000000000001,0.000000000000000000,0.000000000000000000,0.025000000000000001,0.284999999999999976
63,0.030303030303030304,0.040404040404040407,0.313131313131313149,0.126262626262626271,0.070707070707070704,0.151515151515151519,0.156565656565656575,0.111111111111111105
64,0.000000000000000000,0.000000000000000000,0.000000000000000000,0.000000000000000000,0.000000000000000000,0.000000000000000000,0.000000000000000000,1.000000000000000000
65,0.510000000000000009,0.055000000000000000,0.000000000000000000,0.065000000000000002,0.000000000000000000,0.000000000000000000,0.014999999999999999,0.354999999999999982
66,0.000000000000000000,0.309999999999999998,0.000000000000000000,0.025000000000000001,0.000000000000000000,0.000000000000000000,0.000000000000000000,0.665000000000000036
67,0.000000000000000000,0.000000000000000000,0.000000000000000000,0.000000000000000000,0.000000000000000000,0.000000000000000000,1.000000000000000000,0.000000000000000000
68,0.029999999999999999,0.050000000000000003,0.029999999999999999,0.000000000000000000,0.505000000000000004,0.280000000000000027,0.059999999999999998,0.044999999999999998
69,0.000000000000000000,0.000000000000000000,0.000000000000000000,0.000000000000000000,0.979999999999999982,0.000000000000000000,0.000000000000000000,0.020000000000000000
70,0.000000000000000000,0.136363636363636354,0.000000000000000000,0.000000000000000000,0.000000000000000000,0.070707070707070704,0.000000000000000000,0.792929292929292928
71,0.020100502512562814,0.638190954773869334,0.000000000000000000,0.000000000000000000,0.000000000000000000,0.150753768844221092,0.000000000000000000,0.190954773869346728
72,0.000000000000000000,0.000000000000000000,0.005025125628140704,0.005025125628140704,0.000000000000000000,0.000000000000000000,0.708542713567839155,0.281407035175879394
73,0.000000000000000000,0.000000000000000000,0.000000000000000000,0.000000000000000000,0.000000000000000000,0.000000000000000000,0.000000000000000000,1.000000000000000000
74,0.000000000000000000,0.000000000000000000,0.000000000000000000,0.000000000000000000,1.000000000000000000,0.000000000000000000,0.000000000000000000,0.000000000000000000
75,0.000000000000000000,0.000000000000000000,0.000000000000000000,0.000000000000000000,0.000000000000000000,0.000000000000000000,1.000000000000000000,0.000000000000000000
76,0.635000000000000009,0.000000000000000000,0.000000000000000000,0.010000000000000000,0.020000000000000000,0.000000000000000000,0.195000000000000007,0.140000000000000013
77,0.000000000000000000,0.619999999999999996,0.000000000000000000,0.059999999999999998,0.000000000000000000,0.000000000000000000,0.025000000000000001,0.294999999999999984
78,0.000000000000000000,0.000000000000000000,0.000000000000000000,0.000000000000000000,0.000000000000000000,0.000000000000000000,0.000000000000000000,1.000000000000000000
79,0.020000000000000000,0.964999999999999969,0.000000000000000000,0.000000000000000000,0.014999999999999999,0.000000000000000000,0.000000000000000000,0.000000000000000000
80,0.000000000000000000,0.005128205128205128,0.158974358974358965,0.030769230769230771,0.000000000000000000,0.128205128205128194,0.338461538461538480,0.338461538461538480
81,0.000000000000000000,0.000000000000000000,1.000000000000000000,0.000000000000000000,0.000000000000000000,0.000000000000000000,0.000000000000000000,0.000000000000000000
82,0.000000000000000000,0.000000000000000000,0.000000000000000000,0.000000000000000000,0.000000000000000000,0.000000000000000000,1.000000000000000000,0.000000000000000000
83,0.000000000000000000,0.000000000000000000,0.190000000000000002,0.014999999999999999,0.000000000000000000,0.000000000000000000,0.795000000000000040,0.000000000000000000
84,0.005102040816326530,0.566326530612244916,0.020408163265306121,0.005102040816326530,0.000000000000000000,0.091836734693877556,0.000000000000000000,0.311224489795918380
85,0.095000000000000001,0.065000000000000002,0.035000000000000003,0.000000000000000000,0.080000000000000002,0.380000000000000004,0.000000000000000000,0.344999999999999973
86,0.000000000000000000,0.000000000000000000,0.000000000000000000,0.000000000000000000,1.000000000000000000,0.000000000000000000,0.000000000000000000,0.000000000000000000
87,0.979999999999999982,0.000000000000000000,0.000000000000000000,0.000000000000000000,0.020000000000000000,0.000000000000000000,0.000000000000000000,0.000000000000000000
88,0.060606060606060608,0.070707070707070704,0.166666666666666657,0.045454545454545456,0.202020202020202017,0.292929292929292928,0.111111111111111105,0.050505050505050504
89,0.014999999999999999,0.625000000000000000,0.000000000000000000,0.029999999999999999,0.000000000000000000,0.014999999999999999,0.000000000000000000,0.315000000000000002
90,0.000000000000000000,0.409999999999999976,0.000000000000000000,0.000000000000000000,0.000000000000000000,0.000000000000000000,0.000000000000000000,0.589999999999999969
91,0.000000000000000000,0.185929648241206030,0.115577889447236182,0.000000000000000000,0.055276381909547742,0.115577889447236182,0.000000000000000000,0.527638190954773822
92,0.000000000000000000,0.000000000000000000,0.000000000000000000,0.000000000000000000,0.000000000000000000,0.000000000000000000,0.994999999999999996,0.005000000000000000
93,0.000000000000000000,0.000000000000000000,0.045454545454545456,0.010101010101010102,0.000000000000000000,0.020202020202020204,0.000000000000000000,0.924242424242424199
94,0.000000000000000000,0.844999999999999973,0.000000000000000000,0.144999999999999990,0.000000000000000000,0.000000000000000000,0.000000000000000000,0.010000000000000000
95,0.000000000000000000,0.011235955056179775,0.235955056179775274,0.061797752808988762,0.000000000000000000,0.056179775280898875,0.303370786516853952,0.331460674157303348
96,0.400000000000000022,0.149999999999999994,0.000000000000000000,0.025000000000000001,0.174999999999999989,0.005000000000000000,0.050000000000000003,0.195000000000000007
97,0.055276381909547742,0.879396984924623148,0.000000000000000000,0.010050251256281407,0.000000000000000000,0.005025125628140704,0.000000000000000000,0.050251256281407038
98,0.000000000000000000,0.000000000000000000,0.000000000000000000,0.000000000000000000,1.000000000000000000,0.000000000000000000,0.000000000000000000,0.000000000000000000
99,0.000000000000000000,0.014999999999999999,0.000000000000000000,0.000000000000000000,0.000000000000000000,0.000000000000000000,0.834999999999999964,0.149999999999999994
100,0.000000000000000000,0.530000000000000027,0.000000000000000000,0.000000000000000000,0.000000000000000000,0.000000000000000000,0.000000000000000000,0.469999999999999973
101,0.040816326530612242,0.612244897959183687,0.000000000000000000,0.066326530612244902,0.010204081632653060,0.091836734693877556,0.091836734693877556,0.086734693877551020
102,0.000000000000000000,0.000000000000000000,0.035532994923857870,0.131979695431472088,0.015228426395939087,0.000000000000000000,0.218274111675126892,0.598984771573604080
103,0.000000000000000000,0.000000000000000000,0.000000000000000000,0.000000000000000000,0.000000000000000000,0.000000000000000000,0.000000000000000000,1.000000000000000000
104,0.025773195876288658,0.051546391752577317,0.134020618556701027,0.108247422680412375,0.020618556701030927,0.056701030927835051,0.484536082474226804,0.118556701030927830
105,0.000000000000000000,0.000000000000000000,0.000000000000000000,0.000000000000000000,0.000000000000000000,0.000000000000000000,1.000000000000000000,0.000000000000000000
106,0.000000000000000000,0.000000000000000000,0.000000000000000000,0.005000000000000000,0.044999999999999998,0.000000000000000000,0.944999999999999951,0.005000000000000000
107,0.000000000000000000,0.000000000000000000,0.000000000000000000,0.000000000000000000,0.000000000000000000,0.000000000000000000,1.000000000000000000,0.000000000000000000
108,0.014999999999999999,0.895000000000000018,0.000000000000000000,0.000000000000000000,0.025000000000000001,0.014999999999999999,0.000000000000000000,0.050000000000000003
109,0.025000000000000001,0.025000000000000001,0.230000000000000010,0.000000000000000000,0.005000000000000000,0.065000000000000002,0.429999999999999993,0.220000000000000001
110,0.000000000000000000,0.000000000000000000,0.000000000000000000,0.000000000000000000,0.000000000000000000,0.000000000000000000,0.000000000000000000,1.000000000000000000
111,0.000000000000000000,0.089999999999999997,0.000000000000000000,0.065000000000000002,0.000000000000000000,0.000000000000000000,0.844999999999999973,0.000000000000000000
112,0.000000000000000000,0.121212121212121215,0.156565656565656575,0.040404040404040407,0.060606060606060608,0.065656565656565663,0.500000000000000000,0.055555555555555552
113,0.005076142131979695,0.096446700507614211,0.111675126903553301,0.106598984771573604,0.071065989847715741,0.314720812182741116,0.142131979695431482,0.152284263959390875
114,0.000000000000000000,0.000000000000000000,1.000000000000000000,0.000000000000000000,0.000000000000000000,0.000000000000000000,0.000000000000000000,0.000000000000000000
115,0.000000000000000000,0.000000000000000000,0.000000000000000000,0.000000000000000000,1.000000000000000000,0.000000000000000000,0.000000000000000000,0.000000000000000000
116,0.005025125628140704,0.492462311557788968,0.000000000000000000,0.025125628140703519,0.000000000000000000,0.000000000000000000,0.000000000000000000,0.477386934673366847
117,0.000000000000000000,0.000000000000000000,0.000000000000000000,0.025000000000000001,0.000000000000000000,0.000000000000000000,0.964999999999999969,0.010000000000000000
118,0.000000000000000000,0.036458333333333336,0.000000000000000000,0.000000000000000000,0.567708333333333370,0.000000000000000000,0.395833333333333315,0.000000000000000000
119,0.000000000000000000,0.000000000000000000,1.000000000000000000,0.000000000000000000,0.000000000000000000,0.000000000000000000,0.000000000000000000,0.000000000000000000
120,0.000000000000000000,0.220000000000000001,0.000000000000000000,0.000000000000000000,0.000000000000000000,0.000000000000000000,0.095000000000000001,0.685000000000000053
121,0.050251256281407038,0.010050251256281407,0.231155778894472363,0.090452261306532666,0.015075376884422110,0.195979899497487425,0.025125628140703519,0.381909547738693456
122,0.000000000000000000,0.000000000000000000,0.000000000000000000,0.000000000000000000,0.000000000000000000,0.000000000000000000,0.000000000000000000,1.000000000000000000
123,0.000000000000000000,0.994999999999999996,0.000000000000000000,0.005000000000000000,0.000000000000000000,0.000000000000000000,0.000000000000000000,0.000000000000000000
124,0.000000000000000000,0.000000000000000000,0.151515151515151519,0.075757575757575760,0.000000000000000000,0.131313131313131326,0.297979797979797956,0.343434343434343425
125,0.000000000000000000,0.000000000000000000,0.000000000000000000,0.000000000000000000,0.000000000000000000,0.000000000000000000,0.000000000000000000,1.000000000000000000
126,0.020000000000000000,0.000000000000000000,0.010000000000000000,0.154999999999999999,0.209999999999999992,0.000000000000000000,0.474999999999999978,0.130000000000000004
127,0.000000000000000000,0.000000000000000000,0.000000000000000000,0.000000000000000000,0.000000000000000000,0.000000000000000000,0.000000000000000000,1.000000000000000000
128,0.000000000000000000,0.065000000000000002,0.000000000000000000,0.000000000000000000,0.000000000000000000,0.000000000000000000,0.935000000000000053,0.000000000000000000
129,0.000000000000000000,0.385000000000000009,0.035000000000000003,0.089999999999999997,0.035000000000000003,0.115000000000000005,0.209999999999999992,0.130000000000000004
130,0.000000000000000000,0.010152284263959390,0.258883248730964466,0.111675126903553301,0.000000000000000000,0.111675126903553301,0.274111675126903542,0.233502538071065996
131,0.000000000000000000,0.000000000000000000,0.000000000000000000,0.000000000000000000,1.000000000000000000,0.000000000000000000,0.000000000000000000,0.000000000000000000
132,0.000000000000000000,0.052631578947368418,0.126315789473684215,0.105263157894736836,0.000000000000000000,0.100000000000000006,0.089473684210526316,0.526315789473684181
133,0.000000000000000000,0.025252525252525252,0.171717171717171713,0.075757575757575760,0.000000000000000000,0.045454545454545456,0.358585858585858563,0.323232323232323260
134,0.000000000000000000,0.000000000000000000,0.000000000000000000,0.000000000000000000,0.000000000000000000,0.000000000000000000,1.000000000000000000,0.000000000000000000
135,0.000000000000000000,1.000000000000000000,0.000000000000000000,0.000000000000000000,0.000000000000000000,0.000000000000000000,0.000000000000000000,0.000000000000000000
136,0.029999999999999999,0.070000000000000007,0.000000000000000000,0.000000000000000000,0.000000000000000000,0.000000000000000000,0.000000000000000000,0.900000000000000022
137,0.000000000000000000,0.000000000000000000,1.000000000000000000,0.000000000000000000,0.000000000000000000,0.000000000000000000,0.000000000000000000,0.000000000000000000
138,0.000000000000000000,0.000000000000000000,0.000000000000000000,0.000000000000000000,1.000000000000000000,0.000000000000000000,0.000000000000000000,0.000000000000000000
139,0.000000000000000000,0.000000000000000000,0.000000000000000000,0.005102040816326530,0.000000000000000000,0.000000000000000000,0.010204081632653060,0.984693877551020447
140,0.000000000000000000,0.000000000000000000,0.055000000000000000,0.000000000000000000,0.000000000000000000,0.000000000000000000,0.025000000000000001,0.920000000000000040
141,0.000000000000000000,0.000000000000000000,1.000000000000000000,0.000000000000000000,0.000000000000000000,0.000000000000000000,0.000000000000000000,0.000000000000000000
142,0.014999999999999999,0.270000000000000018,0.044999999999999998,0.000000000000000000,0.380000000000000004,0.065000000000000002,0.174999999999999989,0.050000000000000003
143,0.025000000000000001,0.035000000000000003,0.020000000000000000,0.000000000000000000,0.729999999999999982,0.110000000000000001,0.055000000000000000,0.025000000000000001
144,0.000000000000000000,0.000000000000000000,0.000000000000000000,0.000000000000000000,0.000000000000000000,0.000000000000000000,0.000000000000000000,1.000000000000000000
145,0.000000000000000000,0.000000000000000000,1.000000000000000000,0.000000000000000000,0.000000000000000000,0.000000000000000000,0.000000000000000000,0.000000000000000000
146,0.000000000000000000,0.000000000000000000,0.095477386934673364,0.000000000000000000,0.000000000000000000,0.005025125628140704,0.035175879396984924,0.864321608040200973
147,0.025000000000000001,0.200000000000000011,0.005000000000000000,0.000000000000000000,0.694999999999999951,0.000000000000000000,0.074999999999999997,0.000000000000000000
148,0.000000000000000000,0.949999999999999956,0.014999999999999999,0.000000000000000000,0.000000000000000000,0.014999999999999999,0.000000000000000000,0.020000000000000000
149,0.000000000000000000,0.849999999999999978,0.000000000000000000,0.014999999999999999,0.000000000000000000,0.000000000000000000,0.000000000000000000,0.135000000000000009
150,0.044999999999999998,0.130000000000000004,0.044999999999999998,0.000000000000000000,0.029999999999999999,0.390000000000000013,0.000000000000000000,0.359999999999999987
151,0.035353535353535352,0.944444444444444420,0.000000000000000000,0.005050505050505051,0.000000000000000000,0.000000000000000000,0.000000000000000000,0.015151515151515152
152,0.000000000000000000,0.000000000000000000,0.000000000000000000,0.000000000000000000,0.000000000000000000,0.000000000000000000,1.000000000000000000,0.000000000000000000
153,0.000000000000000000,0.000000000000000000,0.000000000000000000,0.000000000000000000,0.135000000000000009,0.000000000000000000,0.864999999999999991,0.000000000000000000
154,0.000000000000000000,0.000000000000000000,0.000000000000000000,0.000000000000000000,1.000000000000000000,0.000000000000000000,0.000000000000000000,0.000000000000000000
155,0.174999999999999989,0.000000000000000000,0.000000000000000000,0.005000000000000000,0.154999999999999999,0.000000000000000000,0.650000000000000022,0.014999999999999999
156,0.000000000000000000,1.000000000000000000,0.000000000000000000,0.000000000000000000,0.000000000000000000,0.000000000000000000,0.000000000000000000,0.000000000000000000
157,0.050000000000000003,0.349999999999999978,0.074999999999999997,0.000000000000000000,0.174999999999999989,0.070000000000000007,0.000000000000000000,0.280000000000000027
158,0.059999999999999998,0.589999999999999969,0.035000000000000003,0.025000000000000001,0.000000000000000000,0.035000000000000003,0.070000000000000007,0.184999999999999998
159,0.000000000000000000,0.920000000000000040,0.000000000000000000,0.000000000000000000,0.000000000000000000,0.000000000000000000,0.000000000000000000,0.080000000000000002
160,0.041025641025641026,0.261538461538461553,0.035897435897435895,0.041025641025641026,0.020512820512820513,0.302564102564102544,0.174358974358974350,0.123076923076923084
161,0.000000000000000000,0.000000000000000000,1.000000000000000000,0.000000000000000000,0.000000000000000000,0.000000000000000000,0.000000000000000000,0.000000000000000000
162,0.000000000000000000,0.000000000000000000,0.154999999999999999,0.200000000000000011,0.000000000000000000,0.000000000000000000,0.255000000000000004,0.390000000000000013
163,0.005000000000000000,0.969999999999999973,0.000000000000000000,0.000000000000000000,0.000000000000000000,0.000000000000000000,0.000000000000000000,0.025000000000000001
164,0.000000000000000000,0.184999999999999998,0.000000000000000000,0.000000000000000000,0.000000000000000000,0.000000000000000000,0.814999999999999947,0.000000000000000000
165,0.000000000000000000,0.000000000000000000,0.000000000000000000,0.000000000000000000,0.979999999999999982,0.000000000000000000,0.020000000000000000,0.000000000000000000
166,0.030150753768844220,0.658291457286432125,0.015075376884422110,0.025125628140703519,0.155778894472361817,0.005025125628140704,0.110552763819095484,0.000000000000000000
167,0.060301507537688440,0.703517587939698541,0.060301507537688440,0.000000000000000000,0.045226130653266333,0.035175879396984924,0.000000000000000000,0.095477386934673364
168,0.239999999999999991,0.125000000000000000,0.025000000000000001,0.000000000000000000,0.214999999999999997,0.055000000000000000,0.000000000000000000,0.340000000000000024
169,0.000000000000000000,0.000000000000000000,1.000000000000000000,0.000000000000000000,0.000000000000000000,0.000000000000000000,0.000000000000000000,0.000000000000000000
170,0.020000000000000000,0.760000000000000009,0.044999999999999998,0.029999999999999999,0.000000000000000000,0.025000000000000001,0.059999999999999998,0.059999999999999998
171,0.000000000000000000,0.065989847715736044,0.258883248730964466,0.045685279187817257,0.005076142131979695,0.086294416243654817,0.304568527918781751,0.233502538071065996
172,0.000000000000000000,0.000000000000000000,0.000000000000000000,0.000000000000000000,0.000000000000000000,0.014999999999999999,0.010000000000000000,0.974999999999999978
173,0.000000000000000000,0.000000000000000000,0.000000000000000000,0.000000000000000000,0.000000000000000000,0.000000000000000000,0.000000000000000000,1.000000000000000000
174,0.010101010101010102,0.207070707070707072,0.000000000000000000,0.005050505050505051,0.000000000000000000,0.000000000000000000,0.000000000000000000,0.777777777777777790
175,0.000000000000000000,0.000000000000000000,0.000000000000000000,0.000000000000000000,0.000000000000000000,0.000000000000000000,0.000000000000000000,1.000000000000000000
176,0.000000000000000000,0.000000000000000000,0.000000000000000000,0.000000000000000000,0.000000000000000000,0.000000000000000000,1.000000000000000000,0.000000000000000000
177,0.000000000000000000,0.010362694300518135,0.124352331606217614,0.119170984455958542,0.036269430051813469,0.186528497409326421,0.341968911917098439,0.181347150259067363
178,0.055000000000000000,0.115000000000000005,0.119999999999999996,0.010000000000000000,0.265000000000000013,0.315000000000000002,0.074999999999999997,0.044999999999999998
179,0.520000000000000018,0.450000000000000011,0.000000000000000000,0.000000000000000000,0.029999999999999999,0.000000000000000000,0.000000000000000000,0.000000000000000000
180,0.119999999999999996,0.479999999999999982,0.000000000000000000,0.085000000000000006,0.000000000000000000,0.014999999999999999,0.020000000000000000,0.280000000000000027
181,0.149999999999999994,0.000000000000000000,0.244999999999999996,0.044999999999999998,0.239999999999999991,0.000000000000000000,0.320000000000000007,0.000000000000000000
182,0.121827411167512695,0.685279187817258828,0.035532994923857870,0.000000000000000000,0.065989847715736044,0.020304568527918780,0.000000000000000000,0.071065989847715741
183,0.733668341708542671,0.246231155778894484,0.000000000000000000,0.005025125628140704,0.000000000000000000,0.000000000000000000,0.010050251256281407,0.005025125628140704
184,0.000000000000000000,0.000000000000000000,0.029999999999999999,0.000000000000000000,0.000000000000000000,0.000000000000000000,0.000000000000000000,0.969999999999999973
185,0.000000000000000000,0.000000000000000000,0.000000000000000000,0.000000000000000000,0.000000000000000000,0.000000000000000000,1.000000000000000000,0.000000000000000000
186,0.014999999999999999,0.035000000000000003,0.095000000000000001,0.010000000000000000,0.625000000000000000,0.044999999999999998,0.074999999999999997,0.100000000000000006
187,0.000000000000000000,0.000000000000000000,0.005000000000000000,0.000000000000000000,0.174999999999999989,0.000000000000000000,0.819999999999999951,0.000000000000000000
188,0.000000000000000000,0.000000000000000000,0.000000000000000000,0.000000000000000000,0.020000000000000000,0.000000000000000000,0.714999999999999969,0.265000000000000013
189,0.174999999999999989,0.179999999999999993,0.035000000000000003,0.000000000000000000,0.230000000000000010,0.055000000000000000,0.000000000000000000,0.325000000000000011
190,0.014999999999999999,0.184999999999999998,0.160000000000000003,0.010000000000000000,0.230000000000000010,0.125000000000000000,0.260000000000000009,0.014999999999999999
191,0.000000000000000000,0.000000000000000000,0.000000000000000000,0.010000000000000000,0.000000000000000000,0.000000000000000000,0.989999999999999991,0.000000000000000000
192,0.074999999999999997,0.244999999999999996,0.140000000000000013,0.125000000000000000,0.020000000000000000,0.255000000000000004,0.125000000000000000,0.014999999999999999
193,0.005050505050505051,0.035353535353535352,0.222222222222222210,0.040404040404040407,0.035353535353535352,0.156565656565656575,0.297979797979797956,0.207070707070707072
194,0.179999999999999993,0.000000000000000000,0.000000000000000000,0.020000000000000000,0.104999999999999996,0.005000000000000000,0.104999999999999996,0.584999999999999964
195,0.125000000000000000,0.750000000000000000,0.000000000000000000,0.029999999999999999,0.000000000000000000,0.000000000000000000,0.010000000000000000,0.085000000000000006
196,0.000000000000000000,0.000000000000000000,0.000000000000000000,0.000000000000000000,0.294999999999999984,0.000000000000000000,0.704999999999999960,0.000000000000000000
197,0.000000000000000000,0.714999999999999969,0.014999999999999999,0.014999999999999999,0.055000000000000000,0.020000000000000000,0.115000000000000005,0.065000000000000002
198,0.014999999999999999,0.000000000000000000,0.125000000000000000,0.089999999999999997,0.095000000000000001,0.135000000000000009,0.284999999999999976,0.255000000000000004
199,0.000000000000000000,0.000000000000000000,0.055000000000000000,0.000000000000000000,0.000000000000000000,0.000000000000000000,0.000000000000000000,0.944999999999999951
200,0.000000000000000000,0.000000000000000000,1.000000000000000000,0.000000000000000000,0.000000000000000000,0.000000000000000000,0.000000000000000000,0.000000000000000000
201,0.000000000000000000,0.869999999999999996,0.000000000000000000,0.010000000000000000,0.000000000000000000,0.000000000000000000,0.000000000000000000,0.119999999999999996
202,0.055000000000000000,0.280000000000000027,0.070000000000000007,0.000000000000000000,0.304999999999999993,0.055000000000000000,0.000000000000000000,0.234999999999999987
203,0.035353535353535352,0.030303030303030304,0.227272727272727265,0.035353535353535352,0.025252525252525252,0.272727272727272707,0.025252525252525252,0.348484848484848508
204,0.190000000000000002,0.154999999999999999,0.029999999999999999,0.014999999999999999,0.220000000000000001,0.100000000000000006,0.000000000000000000,0.289999999999999980
205,0.025773195876288658,0.324742268041237125,0.000000000000000000,0.113402061855670103,0.056701030927835051,0.185567010309278357,0.206185567010309267,0.087628865979381437
206,0.000000000000000000,0.005649717514124294,0.316384180790960479,0.073446327683615822,0.000000000000000000,0.039548022598870060,0.141242937853107348,0.423728813559322015
207,0.184999999999999998,0.000000000000000000,0.020000000000000000,0.014999999999999999,0.010000000000000000,0.055000000000000000,0.440000000000000002,0.275000000000000022
208,0.000000000000000000,0.630000000000000004,0.000000000000000000,0.005000000000000000,0.000000000000000000,0.000000000000000000,0.000000000000000000,0.364999999999999991
209,0.010000000000000000,0.044999999999999998,0.074999999999999997,0.005000000000000000,0.635000000000000009,0.190000000000000002,0.014999999999999999,0.025000000000000001
210,0.005000000000000000,0.010000000000000000,0.369999999999999996,0.000000000000000000,0.369999999999999996,0.000000000000000000,0.000000000000000000,0.244999999999999996
211,0.000000000000000000,0.619999999999999996,0.000000000000000000,0.020000000000000000,0.000000000000000000,0.000000000000000000,0.000000000000000000,0.359999999999999987
212,0.029999999999999999,0.059999999999999998,0.200000000000000011,0.000000000000000000,0.474999999999999978,0.149999999999999994,0.065000000000000002,0.020000000000000000
213,0.000000000000000000,0.000000000000000000,0.000000000000000000,0.000000000000000000,0.200000000000000011,0.000000000000000000,0.800000000000000044,0.000000000000000000
214,0.045226130653266333,0.155778894472361817,0.130653266331658302,0.000000000000000000,0.432160804020100486,0.165829145728643212,0.050251256281407038,0.020100502512562814
215,0.000000000000000000,0.834999999999999964,0.000000000000000000,0.014999999999999999,0.000000000000000000,0.000000000000000000,0.000000000000000000,0.149999999999999994
216,0.000000000000000000,0.000000000000000000,0.344999999999999973,0.000000000000000000,0.460000000000000020,0.000000000000000000,0.195000000000000007,0.000000000000000000
217,0.130000000000000004,0.020000000000000000,0.020000000000000000,0.010000000000000000,0.025000000000000001,0.089999999999999997,0.655000000000000027,0.050000000000000003
218,0.029999999999999999,0.204999999999999988,0.089999999999999997,0.005000000000000000,0.260000000000000009,0.299999999999999989,0.055000000000000000,0.055000000000000000
219,0.000000000000000000,0.116751269035532998,0.000000000000000000,0.000000000000000000,0.000000000000000000,0.091370558375634514,0.000000000000000000,0.791878172588832530
220,0.000000000000000000,0.000000000000000000,0.445000000000000007,0.000000000000000000,0.440000000000000002,0.000000000000000000,0.115000000000000005,0.000000000000000000
221,0.035000000000000003,0.089999999999999997,0.014999999999999999,0.055000000000000000,0.359999999999999987,0.085000000000000006,0.359999999999999987,0.000000000000000000
222,0.075757575757575760,0.691919191919191934,0.065656565656565663,0.000000000000000000,0.040404040404040407,0.050505050505050504,0.025252525252525252,0.050505050505050504
223,0.000000000000000000,0.050000000000000003,0.000000000000000000,0.000000000000000000,0.000000000000000000,0.000000000000000000,0.949999999999999956,0.000000000000000000
224,0.000000000000000000,0.050000000000000003,0.095000000000000001,0.190000000000000002,0.020000000000000000,0.014999999999999999,0.280000000000000027,0.349999999999999978
225,0.225000000000000006,0.160000000000000003,0.000000000000000000,0.025000000000000001,0.000000000000000000,0.000000000000000000,0.144999999999999990,0.445000000000000007
226,0.000000000000000000,0.000000000000000000,1.000000000000000000,0.000000000000000000,0.000000000000000000,0.000000000000000000,0.000000000000000000,0.000000000000000000
227,0.040000000000000001,0.179999999999999993,0.115000000000000005,0.000000000000000000,0.405000000000000027,0.125000000000000000,0.080000000000000002,0.055000000000000000
228,0.044999999999999998,0.915000000000000036,0.000000000000000000,0.010000000000000000,0.000000000000000000,0.014999999999999999,0.000000000000000000,0.014999999999999999
229,0.000000000000000000,0.000000000000000000,0.000000000000000000,0.000000000000000000,0.000000000000000000,0.000000000000000000,1.000000000000000000,0.000000000000000000
230,0.051546391752577317,0.659793814432989678,0.061855670103092786,0.000000000000000000,0.036082474226804120,0.000000000000000000,0.000000000000000000,0.190721649484536071
231,0.000000000000000000,0.000000000000000000,0.170854271356783910,0.165829145728643212,0.030150753768844220,0.000000000000000000,0.502512562814070307,0.130653266331658302
